
333333333
3333333333
111
1111
11111
111111
1111111
11111111
111111111
1111111111
1
11
111
1111
11111
111111
1111111
11111111
111111111
1111111111
1
11
111
1111
11111
111111
1111111
11111111
111111111
1111111111
1
11
111
1111
11111
111111
1111111
11111111
111111111
1111111111
1
11
111
1111
11111
111111
1111111
11111111
111111111
1111111111
1
11
111
1111
11111
111111
1111111
11111111
111111111
1111111111
1
11
111
1111
11111
111111
1111111
11111111
111111111
1111111111
1
11
111
1111
11111
111111
1111111
11111111
111111111
1111111111
1
11
111
1111
11111
111111
1111111
11111111
111111111
1111111111
2
22
222
2222
22222
222222
2222222
22222222
222222222
2222222222
2
22
222
2222
22222
222222
2222222
22222222
222222222
2222222222
2
22
222
2222
22222
222222
2222222
22222222
222222222
2222222222
2
22
222
2222
22222
222222
2222222
22222222
222222222
2222222222
2
22
222
2222
22222
222222
2222222
22222222
222222222
2222222222
2
22
222
2222
22222
222222
2222222
22222222
222222222
2222222222
2
22
222
2222
22222
222222
2222222
22222222
222222222
2222222222
2
22
222
2222
22222
222222
2222222
22222222
222222222
2222222222
2
22
222
2222
22222
222222
2222222
22222222
222222222
2222222222
2
22
222
2222
22222
222222
2222222
22222222
222222222
2222222222
3
33
333
3333
33333
333333
3333333
33333333
333333333
3333333333
3
33
333
3333
33333
333333
3333333
33333333
333333333
3333333333
3
33
333
3333
33333
333333
3333333
33333333
333333333
3333333333
3
33
333
3333
33333
333333
3333333
33333333
333333333
3333333333dddddddddddddddddddddddddddddaddddddddddddddddddaddddddddddaddddddфффффффф33333333333333
3333333333